  npes   npe   mpe   idm   jdm  ibig  jbig  nreg  minsea  maxsea  avesea
   256    20    17   360   385    36    23     2       0     414     354

ispt(  1) =      0     0    51     0     0     0     0     0
                 0     0     0     0     0     0   271   307
                 0     0     0     0
iipe(  1) =      0     0    36     0     0     0     0     0
                 0     0     0     0     0     0    36    27
                 0     0     0     0
ispt(  2) =      1    19    55    73    91   127     0   179
                 0     0     0   258   289   307   325   343
                 0     0     0     0
iipe(  2) =     18    36    18    18    36    29     0    13
                 0     0     0    31    18    18    18    18
                 0     0     0     0
ispt(  3) =      1    19    37    55    73    91   109   127
               145   163   181   199   217   235   253   271
               289   307   325   343
iipe(  3) =     18    18    18    18    18    18    18    18
                18    18    18    18    18    18    18    18
                18    18    18    18
ispt(  4) =      1    19    37    55    73    91   109   127
               145   163   181   199   217   235   253   271
               289   307   325   343
iipe(  4) =     18    18    18    18    18    18    18    18
                18    18    18    18    18    18    18    18
                18    18    18    18
ispt(  5) =      1    19    37    55    73    91   109   127
               145   163   181   199   217   235   253   271
               289   307   325   343
iipe(  5) =     18    18    18    18    18    18    18    18
                18    18    18    18    18    18    18    18
                18    18    18    18
ispt(  6) =      1    19    37    73    91   109   145   163
               181   199   217   253   271   289   307   325
               343     0     0     0
iipe(  6) =     18    18    36    18    18    36    18    18
                18    18    36    18    18    18    18    18
                18     0     0     0
ispt(  7) =      1    19     0    71    91   109     0   149
               163   181   199   217   235   253   271   289
               307   325   343     0
iipe(  7) =     18    18     0    20    18    18     0    14
                18    18    18    18    18    18    18    18
                18    18    18     0
ispt(  8) =      1    19     0    64    73    91   109     0
               149   163   181   199   217   235   253   271
               289   307   325   343
iipe(  8) =     18    14     0     9    18    18    18     0
                14    18    18    18    18    18    18    18
                18    18    18    18
ispt(  9) =      1    19     0    58    73    91   109     0
               151   163   181   199   217   235   253   271
               289   307   325   343
iipe(  9) =     18    18     0    15    18    18    13     0
                12    18    18    18    18    18    18    18
                18    18    18    18
ispt( 10) =      1    19    55    73    91     0   154   163
               181   199   217   235   253   271   289   307
               325   343     0     0
iipe( 10) =     18    36    18    18    31     0     9    18
                18    18    18    18    18    18    18    18
                18    18     0     0
ispt( 11) =      1    19    37    55    73    91     0     0
               145   163   181   199   217   235   253   271
               289   307   325   343
iipe( 11) =     18    18    18    18    18     7     0     0
                18    18    18    18    18    18    18    18
                18    18    18    18
ispt( 12) =      1    19    37    55    73    91   127   163
               199   235   253   271   289   307   325   343
                 0     0     0     0
iipe( 12) =     18    18    18    18    18    36    36    36
                36    18    18    18    18    18    18    18
                 0     0     0     0
ispt( 13) =      0    29    47    65    83   101   137     0
                 0     0   229   247   265   283   301   319
               337     0     0     0
iipe( 13) =      0    18    18    18    18    36    29     0
                 0     0    18    18    18    18    18    18
                15     0     0     0
ispt( 14) =      0    16    49    67    85   103   121     0
                 0     0     0     0   247   282   301   319
                 0     0     0     0
iipe( 14) =      0    33    18    18    18    18    18     0
                 0     0     0     0    35    19    18    25
                 0     0     0     0
ispt( 15) =      0    16    40    76    94   112     0     0
                 0     0   244   280   316     0     0     0
                 0     0     0     0
iipe( 15) =      0    24    36    18    18    36     0     0
                 0     0    36    36    14     0     0     0
                 0     0     0     0
ispt( 16) =      0    26    55    91   109   127   145     0
                 0     0   234   252   270   288   306     0
                 0     0     0     0
iipe( 16) =      0    29    36    18    18    18     8     0
                 0     0    18    18    18    18    24     0
                 0     0     0     0
ispt( 17) =      0    19    37    55    73    91   109   127
               145   163   181   199   217   235   253   271
               289   307   325     0
iipe( 17) =      0    18    18    18    18    18    18    18
                18    18    18    18    18    18    18    18
                18    18    18     0
 
jspt(  1) =      1    23    45    68    91   114   137   160
               183   206   229   252   275   298   320   342
               364
jjpe(  1) =     22    22    23    23    23    23    23    23
                23    23    23    23    23    22    22    22
                22
