  npes   npe   mpe   idm   jdm  ibig  jbig  nreg  minsea  maxsea  avesea
   310    18    18   320   384    18    22     1       0     396     291

ispt(  1) =      1    18    35    53    71    89   107   133
               143   161   179   197   215   233   251   269
               287   304
iipe(  1) =     17    17    18    18    18    18    13    10
                18    18    18    18    18    18    18    18
                17    17
ispt(  2) =      1    18    35    53    71    89   107   125
               143   161   179   197   215   233   251   269
               287   304
iipe(  2) =     17    17    18    18    18    18    18    18
                18    18    18    18    18    18    18    18
                17    17
ispt(  3) =      1    18    35    53    71    89   107   125
               143   161   179   197   215   233   251   269
               287   304
iipe(  3) =     17    17    18    18    18    18    18    18
                18    18    18    18    18    18    18    18
                17    17
ispt(  4) =      1    18    35    53    71    89   107   125
               143   161   179   197   215   233   251   269
               287   304
iipe(  4) =     17    17    18    18    18    18    18    18
                18    18    18    18    18    18    18    18
                17    17
ispt(  5) =      1    18    35    53    71    89   107   125
               143   161   179   197   215   233   251   269
               287   304
iipe(  5) =     17    17    18    18    18    18    18    18
                18    18    18    18    18    18    18    18
                17    17
ispt(  6) =      1    18    35    53    71    89   107   125
               143   161   179   197   215   233   251   269
               287   313
iipe(  6) =     17    17    18    18    18    18    18    18
                18    18    18    18    18    18    18    18
                 8     8
ispt(  7) =      1    18    35    68    71    89   107   125
               143   161   179   197   215   233   251   269
               287     0
iipe(  7) =     17    17    15     3    18    18    18    18
                18    18    18    18    18    18    18    18
                 7     0
ispt(  8) =      1    18    35    68    71    89   107   125
               143   161   179   197   215   233   251   269
               287     0
iipe(  8) =     17    17    15     3    18    18    18    18
                18    18    18    18    18    18    18    18
                 3     0
ispt(  9) =      1    18    35    68    71    89   107   125
               143   161   179   197   215   233   251   269
               287   311
iipe(  9) =     17    17    13     3    18    18    18    18
                18    18    18    18    18    18    18    18
                 3    10
ispt( 10) =      1    18    35     0    74    89   107   125
               143   161   179   197   215   233   251   269
               287   304
iipe( 10) =     17    17    11     0    15    18    18    18
                18    18    18    18    18    18    18    18
                17    17
ispt( 11) =      1    18     0     0    71    89   107   125
               143   161   179   197   215   233   251   269
               287   304
iipe( 11) =     17    10     0     0    18    18    18    18
                18    18    18    18    18    18    18    18
                17    17
ispt( 12) =      1    18     0    68    71    89   107   125
               143   161   179   197   215   233   251   269
               287   304
iipe( 12) =     17     5     0     3    18    18    18    18
                18    18    18    18    18    18    18    18
                17    17
ispt( 13) =      1    18    50    53    71    89   113   131
               143   161   179   197   215   233   251   269
               287   304
iipe( 13) =     17    11     3    18    18    13     7    12
                18    18    18    18    18    18    18    18
                17    17
ispt( 14) =      1    18    35    53    71     0     0   140
               143   161   179   197   215   233   251   269
               287   304
iipe( 14) =     17    17    18    18    18     0     0     3
                18    18    18    18    18    18    18    18
                17    17
ispt( 15) =      1    18    35    53    71     0     0     0
               157   175   193   211   229     0     0     0
               287   304
iipe( 15) =     17    17    18    18    18     0     0     0
                18    18    18    18    18     0     0     0
                17    17
ispt( 16) =      1    18    35    53    84    89   107   140
               143   161   179   197   215   233   265   269
               287   304
iipe( 16) =     17    17    18    13     5    18    13     3
                18    18    18    18    18     6     4    18
                17    17
ispt( 17) =      1    18    35    53    71    89   107   125
               143   161   179   197   215   233   251   269
               287   304
iipe( 17) =     17    17    18    18    18    18    18    18
                18    18    18    18    18    18    18    18
                17    17
ispt( 18) =      1    18    35    53    71    89   107   125
               143   161   179   197   215   233   251   269
               287   304
iipe( 18) =     17    17    18    18    18    18    18    18
                18    18    18    18    18    18    18    18
                17    17

jspt(  1) =      1    22    43    64    85   106   127   149
               171   193   215   237   259   280   301   322
               343   364
jjpe(  1) =     21    21    21    21    21    21    22    22
                22    22    22    22    21    21    21    21
                21    21
