  npes   npe   mpe   idm   jdm  ibig  jbig  nreg  minsea  maxsea  avesea
    30     5     6   320   384    91    80     1    2951    3060    3007

ispt(  1) =      1    63   140   205   260
iipe(  1) =     62    77    65    55    61
ispt(  2) =      1    64   121   195   251
iipe(  2) =     63    57    74    56    70
ispt(  3) =      1    76   128   187   238
iipe(  3) =     75    52    59    51    83
ispt(  4) =      1    91   147   199   250
iipe(  4) =     90    56    52    51    71
ispt(  5) =      1    92   175   217   271
iipe(  5) =     91    83    42    54    50
ispt(  6) =      1    46   124   188   241
iipe(  6) =     45    78    64    53    80
 
jspt(  1) =      1    63   117   175   234   305
jjpe(  1) =     62    54    58    59    71    80
