  npes   npe   mpe   idm   jdm  ibig  jbig  nreg  minsea  maxsea  avesea
   191    12    20   240   257    40    13     2       3     260     214

ispt(  1) =      0    36     0     0     0     0     0     0
               181     0     0     0
iipe(  1) =      0    21     0     0     0     0     0     0
                40     0     0     0
ispt(  2) =      1    41    61   101     0     0   181   201
               221     0     0     0
iipe(  2) =     40    20    40    24     0     0    20    20
                20     0     0     0
ispt(  3) =      1    21    41    61    81   101   121   161
               181   201   221     0
iipe(  3) =     20    20    20    20    20    20    40    20
                20    20    20     0
ispt(  4) =      1    21    41    61    81   101   121   141
               161   181   201   221
iipe(  4) =     20    20    20    20    20    20    20    20
                20    20    20    20
ispt(  5) =      1    21    41    61    81   101   121   141
               161   181   201   221
iipe(  5) =     20    20    20    20    20    20    20    20
                20    20    20    20
ispt(  6) =      1    21    41    61    81   101   121   141
               161   181   201   221
iipe(  6) =     20    20    20    20    20    20    20    20
                20    20    20    20
ispt(  7) =      1    21    41    61    81   101   121   141
               161   181   201   221
iipe(  7) =     20    20    20    20    20    20    20    20
                20    20    20    20
ispt(  8) =      1    21    61    81   101   121   141   161
               181   201   221     0
iipe(  8) =     20    40    20    20    20    20    20    20
                20    20    20     0
ispt(  9) =      1    21    61    81   101   121   141   161
               181   201   221     0
iipe(  9) =     20    40    20    20    20    20    20    20
                20    20    20     0
ispt( 10) =      1    21    61    81   101   121   141   161
               181   201   221     0
iipe( 10) =     20    40    20    20    20    20    20    20
                20    20    20     0
ispt( 11) =      1    21    41    61   101   121   141   161
               181   201   221     0
iipe( 11) =     20    20    20    40    20    20    20    20
                20    20    20     0
ispt( 12) =      1    21    48     0   101   121   141   161
               181   201   221     0
iipe( 12) =     20    27    33     0    20    20    20    20
                20    20    20     0
ispt( 13) =      1    21    41    61   101   121   141   161
               181   201   221     0
iipe( 13) =     20    20    20    40    20    20    20    20
                20    20    20     0
ispt( 14) =      1    21    41    61   101   144   161   181
               201   221     0     0
iipe( 14) =     20    20    20    40    37    17    20    20
                20    20     0     0
ispt( 15) =      0    19    43    63    83     0   152   161
               181   201   221     0
iipe( 15) =      0    24    20    20    20     0     9    20
                20    20    17     0
ispt( 16) =     12    41    61    81     0     0     0   165
               181   201   221     0
iipe( 16) =     29    20    20    15     0     0     0    16
                20    20    12     0
ispt( 17) =     11    35    61    81     0     0     0   168
               208     0     0     0
iipe( 17) =     24    26    20    17     0     0     0    40
                20     0     0     0
ispt( 18) =     12    41    74     0     0   158   187     0
                 0     0     0     0
iipe( 18) =     29    33    27     0     0    29    31     0
                 0     0     0     0
ispt( 19) =      0    16    43    63    83     0   149   169
               189   209     0     0
iipe( 19) =      0    27    20    20    20     0    20    20
                20    15     0     0
ispt( 20) =      1    21    41    61    81   101   121   141
               161   181   201   221
iipe( 20) =     20    20    20    20    20    20    20    20
                20    20    20    20
 
jspt(  1) =      1    13    26    39    52    65    78    91
               104   117   130   143   156   169   182   195
               208   221   234   246
jjpe(  1) =     12    13    13    13    13    13    13    13
                13    13    13    13    13    13    13    13
                13    13    12    12
