  npes   npe   mpe   idm   jdm  ibig  jbig  nreg  minsea  maxsea  avesea
   192    18    14   240   257    28    19     2       0     270     213

ispt(  1) =      1     0    33    53     0     0     0     0
                 0     0     0     0   182   202   228     0
                 0     0
iipe(  1) =      6     0    20     8     0     0     0     0
                 0     0     0     0    20    26    13     0
                 0     0
ispt(  2) =      1    14    27    40    53    66    79   107
               135   163   189   202   215   228     0     0
                 0     0
iipe(  2) =     13    13    13    13    13    13    28    28
                28    26    13    13    13    13     0     0
                 0     0
ispt(  3) =      1    14    27    40    53    66    79    93
               107   121   135   149   163   176   189   202
               215   228
iipe(  3) =     13    13    13    13    13    13    14    14
                14    14    14    14    13    13    13    13
                13    13
ispt(  4) =      1    14    27    40    53    66    79    93
               107   121   135   149   163   176   189   202
               215   228
iipe(  4) =     13    13    13    13    13    13    14    14
                14    14    14    14    13    13    13    13
                13    13
ispt(  5) =      1    14    40    53    66    80   107   121
               135   149   176   189   202   215   228     0
                 0     0
iipe(  5) =     13    26    13    13    14    27    14    14
                14    27    13    13    13    13    13     0
                 0     0
ispt(  6) =      1    14     0    47    60    73     0    99
               107   121   135   149   163   176   189   202
               215   228
iipe(  6) =     13    13     0    13    13    13     0     8
                14    14    14    14    13    13    13    13
                13    13
ispt(  7) =      1    14     0    40    53    66    79   107
               121   135   149   163   176   189   202   215
               228     0
iipe(  7) =     13     9     0    13    13    13    28    14
                14    14    14    13    13    13    13    13
                13     0
ispt(  8) =      1    14    40    53    66   102   107   121
               135   149   163   176   189   202   215   228
                 0     0
iipe(  8) =     13    26    13    13    16     5    14    14
                14    14    13    13    13    13    13    13
                 0     0
ispt(  9) =      1    14    27    40    53     0    98   107
               121   135   149   163   176   189   202   215
               228     0
iipe(  9) =     13    13    13    13    14     0     9    14
                14    14    14    13    13    13    13    13
                13     0
ispt( 10) =      1    27    40    53    66    93   121   149
               163   176   189   202   215   228     0     0
                 0     0
iipe( 10) =     26    13    13    13    27    28    28    14
                13    13    13    13    13    13     0     0
                 0     0
ispt( 11) =      0    14    40    53    66    93     0     0
                 0   152   176   189   202   217     0     0
                 0     0
iipe( 11) =      0    26    13    13    27    10     0     0
                 0    24    13    13    15    17     0     0
                 0     0
ispt( 12) =      0    11    31    44    57    70     0     0
                 0     0   163   189   202     0     0     0
                 0     0
iipe( 12) =      0    20    13    13    13    28     0     0
                 0     0    26    13    26     0     0     0
                 0     0
ispt( 13) =      0    12    35    61    74    88     0     0
                 0   158   172   185   198     0     0     0
                 0     0
iipe( 13) =      0    23    26    13    14    14     0     0
                 0    14    13    13    22     0     0     0
                 0     0
ispt( 14) =      0    14    27    40    53    66    79    93
               107   121   135   149   163   176   189   202
               215     0
iipe( 14) =      0    13    13    13    13    13    14    14
                14    14    14    14    13    13    13    13
                13     0
 
jspt(  1) =      1    19    37    55    73    92   111   130
               149   168   186   204   222   240
jjpe(  1) =     18    18    18    18    19    19    19    19
                19    18    18    18    18    18
