  npes   npe   mpe   idm   jdm  ibig  jbig  nreg  minsea  maxsea  avesea
   127    10    14   240   257    24    19     2       6     456     322

ispt(  1) =      1    33    49     0     0     0     0   182
               193   217
iipe(  1) =     20    16    12     0     0     0     0    11
                24    24
ispt(  2) =      1    25    49    73    97   121   145   169
               193   217
iipe(  2) =     24    24    24    24    24    24    24    24
                24    24
ispt(  3) =      1    25    49    73    97   121   145   169
               193   217
iipe(  3) =     24    24    24    24    24    24    24    24
                24    24
ispt(  4) =      1    25    49    73    97   121   145   169
               193   217
iipe(  4) =     24    24    24    24    24    24    24    24
                24    24
ispt(  5) =      1    25    49    73    97   121   145   169
               193   217
iipe(  5) =     24    24    24    24    24    24    24    24
                24    24
ispt(  6) =      1    25    49    73    97   121   145   169
               193   217
iipe(  6) =     24    24    24    24    24    24    24    24
                24    24
ispt(  7) =      1    25    49    73    97   121   145   169
               193   217
iipe(  7) =     24    24    24    24    24    24    24    24
                24    24
ispt(  8) =      1    25    49    73   102   121   145   169
               193   217
iipe(  8) =     24    24    24     9    19    24    24    24
                24    24
ispt(  9) =      1    25    49     0    97   121   145   169
               193   217
iipe(  9) =     24    24    18     0    24    24    24    24
                24    24
ispt( 10) =      1    25    49    73    97   121   145   169
               193   217
iipe( 10) =     24    24    24    24    24    24    24    24
                24    24
ispt( 11) =      0    16    31    55    79     0   152   169
               193   217
iipe( 11) =      0    15    24    24    24     0    17    24
                24    17
ispt( 12) =      0    11    26    50    74     0   165   189
               213     0
iipe( 12) =      0    15    24    24    24     0    24    24
                15     0
ispt( 13) =      0    12    30    54    78     0   158   182
               206     0
iipe( 13) =      0    18    24    24    24     0    24    24
                14     0
ispt( 14) =      1    25    49    73    97   121   145   169
               193   217
iipe( 14) =     24    24    24    24    24    24    24    24
                24    24
 
jspt(  1) =      1    19    37    55    73    92   111   130
               149   168   186   204   222   240
jjpe(  1) =     18    18    18    18    19    19    19    19
                19    18    18    18    18    18
