  npes   npe   mpe   idm   jdm  ibig  jbig  nreg  minsea  maxsea  avesea
   220    16    18   240   257    30    15     2       0     226     186

ispt(  1) =      1     0    34     0     0     0     0     0
                 0     0     0   181   211     0     0     0
iipe(  1) =      5     0    24     0     0     0     0     0
                 0     0     0    30    15     0     0     0
ispt(  2) =      1    31    46    61    91   121     0     0
               173   196   211   226     0     0     0     0
iipe(  2) =     30    15    15    30    30     7     0     0
                23    15    15    15     0     0     0     0
ispt(  3) =      1    16    31    46    61    76    91   106
               121   141   166   181   196   211   226     0
iipe(  3) =     15    15    15    15    15    15    15    15
                20    25    15    15    15    15    15     0
ispt(  4) =      1    16    31    46    61    76    91   106
               121   136   151   166   181   196   211   226
iipe(  4) =     15    15    15    15    15    15    15    15
                15    15    15    15    15    15    15    15
ispt(  5) =      1    16    31    46    61    76    91   106
               121   136   151   166   181   196   211   226
iipe(  5) =     15    15    15    15    15    15    15    15
                15    15    15    15    15    15    15    15
ispt(  6) =      1    16    46    61    76    91   106   121
               136   151   181   196   211   226     0     0
iipe(  6) =     15    30    15    15    15    15    15    15
                15    30    15    15    15    15     0     0
ispt(  7) =      1    16     0    46    61    76   106   121
               136   151   166   181   196   211   226     0
iipe(  7) =     15    15     0    15    15    30    15    15
                15    15    15    15    15    15    15     0
ispt(  8) =      1    16     0    46    61    76   106   121
               136   151   166   181   196   211   226     0
iipe(  8) =     15     8     0    15    15    30    15    15
                15    15    15    15    15    15    15     0
ispt(  9) =      1    16    46    61    76   106   121   136
               151   166   181   196   211   226     0     0
iipe(  9) =     15    30    15    15    30    15    15    15
                15    15    15    15    15    15     0     0
ispt( 10) =      1    16    34    46    61    76   106   121
               136   151   166   181   196   211   226     0
iipe( 10) =     15     8    12    15    15    30    15    15
                15    15    15    15    15    15    15     0
ispt( 11) =      1    16    31    46    61   101   106   121
               136   151   166   181   196   211   226     0
iipe( 11) =     15    15    15    15    17     5    15    15
                15    15    15    15    15    15    15     0
ispt( 12) =      1    16    31    46    61     0    96   121
               151   166   181   196   211   226     0     0
iipe( 12) =     15    15    15    15     6     0    25    30
                15    15    15    15    15    15     0     0
ispt( 13) =      1    31    46    61    76   106   136   166
               181   196   211   226     0     0     0     0
iipe( 13) =     30    15    15    15    30    30    30    15
                15    15    15    15     0     0     0     0
ispt( 14) =      0    16    46    61    76     0     0     0
               151   181   196   211   226     0     0     0
iipe( 14) =      0    30    15    15    27     0     0     0
                30    15    15    15     7     0     0     0
ispt( 15) =      0    11    33    48    63    78     0     0
                 0   165   195   210     0     0     0     0
iipe( 15) =      0    22    15    15    15    15     0     0
                 0    30    15    20     0     0     0     0
ispt( 16) =      0    11    26    56    71     0     0     0
               161   191     0     0     0     0     0     0
iipe( 16) =      0    15    30    15    30     0     0     0
                30    24     0     0     0     0     0     0
ispt( 17) =      0    16    46    76    91     0     0     0
               151   166   181   196   211     0     0     0
iipe( 17) =      0    30    30    15    12     0     0     0
                15    15    15    15    11     0     0     0
ispt( 18) =      1    16    31    46    61    76    91   106
               121   136   151   166   181   196   211   226
iipe( 18) =     15    15    15    15    15    15    15    15
                15    15    15    15    15    15    15    15
 
jspt(  1) =      1    15    29    43    57    71    85   100
               115   130   145   160   174   188   202   216
               230   244
jjpe(  1) =     14    14    14    14    14    14    15    15
                15    15    15    14    14    14    14    14
                14    14
