  npes   npe   mpe   idm   jdm  ibig  jbig  nreg  minsea  maxsea  avesea
   160    20    10   240   257    24    26     2       0     315     255

ispt(  1) =      1    25    49    73    97     0   119     0
                 0     0     0   181   193   205   229     0
                 0     0     0     0
iipe(  1) =     24    24    24    24     4     0     6     0
                 0     0     0    12    12    24    12     0
                 0     0     0     0
ispt(  2) =      1    13    25    37    49    61    73    85
                97   109   121   133   145   157   169   181
               193   205   217   229
iipe(  2) =     12    12    12    12    12    12    12    12
                12    12    12    12    12    12    12    12
                12    12    12    12
ispt(  3) =      1    13    25    37    49    61    73    85
                97   109   121   133   145   157   169   181
               193   205   217   229
iipe(  3) =     12    12    12    12    12    12    12    12
                12    12    12    12    12    12    12    12
                12    12    12    12
ispt(  4) =      1    13    25    49    61    73    97   109
               121   133   145   157   169   181   193   205
               217   229     0     0
iipe(  4) =     12    12    24    12    12    24    12    12
                12    12    12    12    12    12    12    12
                12    12     0     0
ispt(  5) =      1    13     0    40    49    61    73     0
                97   109   121   133   145   157   169   181
               193   205   217   229
iipe(  5) =     12    12     0     9    12    12    12     0
                12    12    12    12    12    12    12    12
                12    12    12    12
ispt(  6) =      1    13    35    49    61     0   102   109
               121   133   145   157   169   181   193   205
               217   229     0     0
iipe(  6) =     12    22    14    12    21     0     7    12
                12    12    12    12    12    12    12    12
                12    12     0     0
ispt(  7) =      1    13    25    37    49    61    85   109
               121   145   157   169   181   193   205   217
               229     0     0     0
iipe(  7) =     12    12    12    12    12    24    24    12
                24    12    12    12    12    12    12    12
                12     0     0     0
ispt(  8) =      0    12    31    43    55    67    79     0
                 0     0   152   169   181   193   205   217
               229     0     0     0
iipe(  8) =      0    19    12    12    12    12    24     0
                 0     0    17    12    12    12    12    12
                 9     0     0     0
ispt(  9) =      0    11    29    43    65    77     0     0
                 0     0   157   181   193   217     0     0
                 0     0     0     0
iipe(  9) =      0    18    14    22    12    24     0     0
                 0     0    24    12    24     9     0     0
                 0     0     0     0
ispt( 10) =      0    13    25    37    49    61    73    85
                97   109   121   133   145   157   169   181
               193   205   217     0
iipe( 10) =      0    12    12    12    12    12    12    12
                12    12    12    12    12    12    12    12
                12    12    12     0
 
jspt(  1) =      1    26    52    78   104   130   156   182
               208   233
jjpe(  1) =     25    26    26    26    26    26    26    26
                25    25
