  npes   npe   mpe   idm   jdm  ibig  jbig  nreg  minsea  maxsea  avesea
   156    10    20   240   257    48    13     2       3     312     262

ispt(  1) =      0    36     0     0     0     0     0   182
                 0     0
iipe(  1) =      0    21     0     0     0     0     0    37
                 0     0
ispt(  2) =      1    49    97     0   181   208     0     0
                 0     0
iipe(  2) =     48    48    28     0    27    33     0     0
                 0     0
ispt(  3) =      1    25    49    73    97   121   169   193
               217     0
iipe(  3) =     24    24    24    24    24    48    24    24
                24     0
ispt(  4) =      1    25    49    73    97   121   145   169
               193   217
iipe(  4) =     24    24    24    24    24    24    24    24
                24    24
ispt(  5) =      1    25    49    73    97   121   145   169
               193   217
iipe(  5) =     24    24    24    24    24    24    24    24
                24    24
ispt(  6) =      1    25    49    73    97   121   145   169
               193   217
iipe(  6) =     24    24    24    24    24    24    24    24
                24    24
ispt(  7) =      1    25    64    97   121   145   169   193
               217     0
iipe(  7) =     24    39    33    24    24    24    24    24
                24     0
ispt(  8) =      1    49    73   100   121   145   169   193
               217     0
iipe(  8) =     48    24    12    21    24    24    24    24
                24     0
ispt(  9) =      1    49    73    97   121   145   169   193
               217     0
iipe(  9) =     48    24    24    24    24    24    24    24
                24     0
ispt( 10) =      1    25    62   100   121   145   169   193
               217     0
iipe( 10) =     24    37    21    21    24    24    24    24
                24     0
ispt( 11) =      1    25    49    73   121   145   169   193
               217     0
iipe( 11) =     24    24    24    48    24    24    24    24
                24     0
ispt( 12) =      1    25    49   102   121   145   169   193
               217     0
iipe( 12) =     24    24    30    19    24    24    24    24
                24     0
ispt( 13) =      1    25    49     0    97   121   145   169
               193   217
iipe( 13) =     24    24    17     0    24    24    24    24
                24    24
ispt( 14) =      1    25    49    97   145   169   193   217
                 0     0
iipe( 14) =     24    24    48    48    24    24    24    24
                 0     0
ispt( 15) =      0    19    51    79     0   152   169   193
               217     0
iipe( 15) =      0    32    28    24     0    17    24    24
                21     0
ispt( 16) =     12    49    73     0     0   165   189   213
                 0     0
iipe( 16) =     37    24    24     0     0    24    24    20
                 0     0
ispt( 17) =      0    11    26    60     0   168   216     0
                 0     0
iipe( 17) =      0    15    34    38     0    48    10     0
                 0     0
ispt( 18) =     12     0    53    77     0   158   187     0
                 0     0
iipe( 18) =     34     0    24    24     0    29    30     0
                 0     0
ispt( 19) =      0    16    55    79     0   149   169   193
                 0     0
iipe( 19) =      0    39    24    24     0    20    24    31
                 0     0
ispt( 20) =      1    25    49    73    97   121   145   169
               193   217
iipe( 20) =     24    24    24    24    24    24    24    24
                24    24
 
jspt(  1) =      1    13    26    39    52    65    78    91
               104   117   130   143   156   169   182   195
               208   221   234   246
jjpe(  1) =     12    13    13    13    13    13    13    13
                13    13    13    13    13    13    13    13
                13    13    12    12
